[steering_angle]
	scale = 0.3333333
        shift = -50

[motor_speed]
	scale = 0.1111111
	shift = -16.66666

